4800	3894
9140	3425
301	5019
2166	8592
2866	7097
3779	5237
5523	3451
4078	1613
3288	2311
693	9452
8207	6136
7994	4111
6502	7581
2386	6167
2542	7740
4962	1382
159	4164
7650	5127
6727	6374
7573	3546
8298	982
3032	9068
6079	9492
4774	235
1959	4963
7744	6922
3424	4105
3117	9163
3261	1785
1057	4205
3622	1837
628	8696
7292	8657
22	1902
8603	1106
6532	7349
3490	32
6280	7040
25	8130
8146	4181
2786	3712
8802	398
8180	6804
4389	19
3793	345
5599	48
7131	9001
5388	798
4588	214
1918	6535
9402	3271
4911	7018
5544	7111
2411	4695
1502	7674
3617	6368
3504	8782
3569	5785
6631	7361
2699	8330
733	9382
6361	5047
8297	3113
3933	2663
1408	6406
3410	2918
2338	7089
6619	5972
7147	8927
2351	8822
1435	8669
342	1160
8099	2635
7501	219
2502	4692
4713	3625
8582	8110
6755	5798
3403	5505
3018	5597
4197	7980
4472	8517
8130	6055
5711	7975
194	8302
1730	991
5126	3706
5969	4006
844	5960
772	8613
1659	4196
800	7550
1872	3279
7433	7744
5459	20
4118	287
3591	7693
887	3008
5932	7373
6018	3933
5989	7440
5299	1513
1324	4086
5034	4815
2923	7420
4225	8826
5744	2189
9231	6337
8473	5988
759	5706
338	9391
4956	2355
7236	118
5380	3188
8854	262
1993	7593
4064	1866
7621	898
5760	7029
33	3607
7487	1428
3987	8202
6048	4770
578	567
3820	6715
193	2446
8248	8614
258	5042
609	5196
8352	2940
1628	203
3697	1419
2698	3822
2012	8325
8102	5643
6100	8238
536	4449
617	3233
6709	432
8893	7588
336	3661
4882	7529
424	4994
4929	5141
1254	2676
3004	1461
3458	6887
3735	9401
8106	6838
1643	1410
4217	466
1963	6619
2245	854
6653	6388
5155	7487
7216	3572
6558	5971
4366	3053
3258	7343
542	90
3054	3470
3603	513
8489	2707
835	9180
6034	1771
5421	4404
3138	2471
4796	726
2149	2131
2342	465
7687	5923
5750	1235
6807	2854
657	1139
4301	6248
6190	9447
5135	4998
9570	9378
4020	2004
735	9461
6898	4301
6228	146
4330	4920
7938	2641
6271	5144
3083	5009
6579	1288
9435	9527
7040	9476
6441	5291
4462	8569
3416	968
61	147
539	2962
4054	783
1714	618
2874	2670
7529	1118
8094	1725
1954	2655
3585	5226
5007	9002
3869	2401
6765	6002
235	9248
9005	6746
8922	4876
7561	6740
6284	1578
8458	6755
5133	3029
2888	5333
8776	2340
9195	389
5175	7508
8573	7605
1172	554
5368	8877
3633	439
2365	8073
8043	2371
5591	4260
483	9266
1380	8902
598	7898
4569	1596
7240	3060
6390	7112
1865	8287
7204	2753
2974	175
2378	2032
5506	514
6400	6386
2076	1063
3488	5492
467	745
6191	8140
7804	24
5662	5055
1673	3018
5808	2872
6403	5299
4480	7937
3126	1089
7384	5765
7916	3518
7638	6953
3509	7577
8386	8050
5606	6920
1478	9005
7967	8266
4536	5029
8621	348
9138	2469
3364	5810
3673	6653
8768	7317
8337	4177
4519	2143
5625	427
4647	8135
7728	5159
5510	1656
984	4387
7172	9286
1679	9283
6624	6044
5611	7337
1137	4845
8331	6644
2747	1643
6160	8566
2741	6861
5349	3437
8260	2023
7985	3421
1326	4465
5015	2277
5352	989
7272	6661
1443	4064
5890	6807
6111	5578
6116	6727
4988	2379
5023	3585
829	8615
6172	5023
465	6730
1969	5919
1220	3108
4312	6483
5765	9471
3580	6894
777	8001
4733	3412
925	9450
2981	7843
7269	1722
3881	892
717	6668
9413	2789
6380	3649
1430	5572
3746	1018
7738	4030
4625	9437
4394	96
4869	5778
1726	9464
8541	9320
8187	4490
8535	127
2213	4628
3437	7801
1036	933
5749	6489
2311	7286
5303	9600
5801	4603
2503	7060
6569	1994
589	6603
4345	8609
1020	3735
2622	1028
8335	6342
2291	6818
378	1834
2427	6391
9244	888
8061	2061
6910	5969
4661	7748
1315	702
3937	8458
6227	2514
8354	1389
3500	6050
1531	6853
7829	3917
1319	7058
7473	2230
4967	6089
4717	5348
9614	5697
239	5745
2951	2582
3432	8546
7973	8928
7056	1181
2006	9399
6112	2565
4018	4871
5964	1140
197	1793
7895	5028
3910	3531
473	8100
9540	121
2565	1121
3514	1286
3920	9326
4326	5394
3969	3985
1897	7632
8145	8469
4424	3616
2609	3132
6318	245
431	3145
8370	3904
1406	4041
8824	7012
4860	6876
7514	6265
1469	4822
2268	5700
9622	1631
9299	7631
888	1015
2497	1565
8711	3784
7581	6208
9546	2496
9083	7954
4890	569
8636	2417
8385	2858
606	4897
3742	1951
5745	8243
8301	9418
4583	8683
557	8684
175	3333
6950	8323
6763	4691
5858	8760
921	5270
7447	8303
5416	5201
7979	2206
1791	9129
575	3709
499	4834
7793	8254
1247	152
5659	1856
3957	3249
4711	6599
1054	5279
8453	2552
507	5424
1136	4833
4540	6919
6138	1363
951	8672
1983	4464
2418	5870
5076	3195
8487	5435
5219	9380
5492	5163
5077	4433
7883	6789
6081	3533
6518	1524
3916	3644
9042	184
4365	8369
6479	3580
3546	252
4611	4751
1560	9152
2526	1711
7142	9112
9171	8346
5887	44
3518	7293
7104	879
519	9241
6169	3499
1245	2528
3704	7522
3854	5376
52	1686
3389	2732
274	3166
9088	5357
7389	7847
9633	8463
1471	2654
4270	8745
4752	4905
4980	9116
6387	2580
1165	9208
4006	4824
9071	6205
2067	2226
8937	8637
5702	8270
8322	5366
4955	8710
46	8177
4193	1034
6420	8565
7161	1492
1756	5909
7478	3743
7041	3372
4433	7171
1385	319
4098	858
441	6734
4829	1980
661	1781
6049	3322
2381	8037
8509	8619
8566	9226
6484	3535
170	4592
9348	8523
2816	4061
4387	5802
8416	5200
273	8559
374	4326
6954	2765
5109	2191
619	368
5474	3558
1390	8112
7405	508
2852	3858
5629	7197
240	3962
8833	2434
3291	4401
3457	1448
4692	5635
8281	9533
7576	2971
2085	2276
6165	1525
10	2225
872	8527
2205	3332
2371	8775
8671	7686
2079	5474
4720	8183
8804	6321
8208	1612
1715	355
2881	5727
6118	2949
9303	6926
6265	815
3053	4832
7460	1959
4063	2625
5850	6843
3616	3036
712	9212
540	2280
5044	6759
314	6031
1498	6395
2003	2002
1642	9339
3295	1351
3352	9582
6146	3245
7494	1983
6246	857
613	2603
7560	996
8045	3977
5732	7894
372	4610
3716	7671
6580	874
5422	5532
3934	3445
1103	3879
7420	3434
1885	1469
1442	5331
5960	2048
4150	9622
1058	6567
4822	1821
4032	7817
226	8752
747	1058
359	3462
8822	732
7519	4082
3773	8922
1530	97
9298	2686
2270	1225
8303	2166
7845	2245
8367	6134
2461	1068
5597	1100
4704	2575
2988	499
5326	4587
3401	2953
8831	1048
7410	4745
6523	4314
8732	6331
1961	6429
2892	599
1283	4389
3442	5891
4162	106
2514	8488
8042	2951
8579	3417
8259	7258
1461	5298
94	2217
9099	8092
9290	9458
2702	1756
5784	3605
8670	3593
9286	5484
8565	1208
3637	7948
6030	2134
8877	4619
4584	1708
2843	8126
6813	4643
9411	8616
2876	8561
4252	4445
5157	8335
2143	4187
1796	5892
8955	3504
5868	7471
4112	4079
564	8965
2070	6322
3374	3317
3462	3148
8729	911
2712	8957
4111	8556
3390	2970
518	8824
5375	3774
4614	1527
4685	8355
6145	5509
3767	5580
2316	17
983	7446
1429	5943
9422	8410
5634	5209
2813	1672
1524	496
2318	7414
3756	8831
6551	4540
2814	4888
2157	6517
8323	6732
3625	8943
2483	1102
4933	6027
820	9275
971	8226
8554	748
5582	7395
6337	6351
3159	2033
3174	2621
2028	597
7946	6924
7080	510
352	870
2137	5292
3921	4054
4640	6991
4483	837
383	6214
4336	83
5689	6550
7021	323
8342	8201
9500	746
783	5175
7315	6235
7230	3881
6201	6094
8465	6553
9624	299
7769	8816
5564	5045
2704	4725
1345	9448
4169	2403
3181	7538
7579	3773
3762	6465
6036	2589
6656	52
1593	7543
1163	9565
5522	8018
4849	585
7805	8847
1428	8056
4219	2402
3370	1147
8001	5096
2669	5793
2434	331
2962	6157
379	728
2500	232
2492	473
6382	5681
8869	5109
9102	1723
3658	8208
36	7424
2762	3542
5793	7340
3652	1693
1438	3863
6429	8963
6511	5233
513	4812
1466	4422
5576	5968
7789	1455
4179	6866
7932	8591
3320	1393
4920	2981
7493	2651
997	6068
4906	4671
4885	1648
6894	8021
98	4911
4030	4945
1541	5089
1169	3673
4050	4329
9448	450
5097	9077
2847	4317
400	8777
5967	6237
7278	2234
4594	4062
4686	8061
7656	4323
4117	6307
5472	2937
3774	5372
2671	1804
5568	669
1627	8081
5555	2917
9169	8072
498	2314
1147	1227
601	9340
1912	7216
8940	1367
7834	5227
987	7764
9002	8654
4399	2327
2402	7085
1882	713
2508	7107
8407	2462
8177	2643
4240	2604
7648	8989
8826	623
6798	4999
5316	604
30	8931
6330	6956
4398	7098
4936	9306
9247	2325
7669	5347
8425	4197
9464	2177
638	5328
8379	4531
643	3713
7585	4947
5992	3448
2168	8301
8175	6222
1153	5546
3035	4563
9604	5285
4264	8953
3128	9305
5366	413
3634	6513
3657	3381
4662	2358
2161	3677
2191	9404
1174	447
551	237
2731	5051
709	2445
2959	278
6540	16
3479	7226
7312	281
3043	7356
2560	6111
4544	7124
276	1921
1783	6432
6428	6353
6483	2812
1029	297
3363	9024
7855	4035
6397	7897
60	4993
1099	6533
6721	379
4963	2003
3962	5683
9212	2569
9311	371
2841	3715
1349	8640
9355	2194
6734	2091
8938	6146
3586	6259
4229	1963
1119	8105
1234	1738
859	7560
8486	8802
726	3084
8680	4567
3003	4102
8041	4112
9356	7612
953	4195
181	3550
2518	643
837	6344
548	5863
4122	1783
3102	7186
9198	5622
1562	9302
3951	1220
4293	6233
2144	7100
1031	4910
2484	3009
313	3577
1025	5273
2603	9172
7300	727
7847	2502
5389	4306
7260	8746
2801	8668
4834	8221
2112	6245
827	2799
2123	4727
4656	8635
2165	3301
1543	9327
3077	629
6703	3490
1804	3480
5870	609
1134	1954
2768	6301
1334	5527
9054	3219
7029	9388
2395	3181
8483	5983
4130	5523
7102	4349
6427	3040
5005	3700
6652	928
2695	7507
3604	3128
4045	5260
1055	9160
824	7033
7476	9475
6407	8472
265	1274
5461	3864
6674	3334
4638	8094
5424	9559
6635	1438
3246	1605
8134	9440
8221	8960
6758	7021
4809	8280
9160	2579
3441	6883
74	4110
4417	4139
2539	9193
7026	875
1398	359
8944	8954
9302	5184
8956	619
4902	5755
3804	2742
1053	7182
8898	2600
4475	5908
3510	6407
7365	6974
8905	3186
1711	3900
8444	4536
3940	9099
4405	7944
9565	2024
2639	4816
5188	4548
546	1380
1720	7901
5843	758
7296	1707
1784	8295
7192	1683
8825	906
8437	6917
3333	3883
4578	8041
3313	8248
2865	1522
3893	7492
6141	1291
7567	9294
4600	5125
2266	987
8343	28
5912	1174
389	1531
7417	5878
8202	3811
2552	4793
9437	7467
9284	6884
2661	2961
2036	1391
3947	8743
8020	5316
4745	6846
9398	7752
2646	4021
9447	5929
8194	3403
6170	582
267	4049
3042	620
6911	8180
5153	5050
724	3352
6803	5684
2890	4451
6787	9319
5084	6614
6395	3208
8369	5486
8673	882
8641	8327
3030	5912
9066	4955
9421	63
8084	824
7111	1150
9199	3430
3801	5405
4296	3944
8364	3951
3892	6389
3884	635
3332	6172
4407	7999
1818	3648
4282	3631
1900	8898
8377	4098
5128	1741
8887	6754
744	7730
9001	7034
2810	3694
6591	5249
8095	2415
9552	1310
6497	253
993	5488
8656	3860
3318	7309
1632	6799
5951	9061
567	7319
565	2370
7343	2275
1363	2062
4558	9228
9118	6594
1607	2493
4258	8368
8993	9487
5817	3227
3998	1730
8906	2685
2606	2805
2287	2318
1156	1154
1704	5356
7734	9555
9363	7443
6615	7382
4981	4584
8662	7451
8672	5645
1732	234
1141	5598
6381	6798
9541	8850
4727	6809
8874	5362
6252	3028
4457	1569
418	6860
8279	2743
7757	87
7727	6181
9237	4936
2696	1165
2454	310
2020	8840
5452	6944
798	4279
3237	2526
9161	4007
3101	7537
7752	3140
1681	5917
2385	1535
3620	3869
868	3527
6222	239
8773	6081
8988	8165
3474	7876
7211	819
5657	3066
3550	5389
4748	5421
1738	6502
5435	2028
8839	511
605	8603
6908	545
4799	3617
6462	7297
405	8255
3632	8748
6990	5188
7099	3939
6644	5232
2872	1238
8039	3207
8151	1917
2553	5573
8255	8277
2014	4394
2480	8026
5600	3780
7340	1199
1950	4344
1841	7839
2761	9605
3929	6013
6144	8027
8356	566
4344	181
2105	725
7949	9499
3695	2910
6642	9491
5949	8484
5111	910
8060	1869
7477	1640
8445	4304
6013	9514
9387	7225
297	9398
1281	3100
3088	5941
3764	2113
8224	3623
7524	7985
1297	2609
7671	5510
1077	7974
9401	8447
8540	4685
5016	79
4474	2705
9530	7973
5924	1117
3263	2135
8907	8531
3714	5680
7998	8218
9027	535
2226	8811
8948	2826
9509	9008
3252	2696
5371	8222
8122	8776
6423	6751
7220	5775
4036	5115
2090	7736
423	8554
413	6864
2089	1306
5432	7684
7480	7342
1427	4472
7571	5070
2610	8334
3648	9171
6639	4336
4234	5450
6295	7939
3325	5473
8162	5088
4349	6390
7364	6530
2058	8509
1462	488
9338	8999
3192	4773
7761	6591
6599	601
6824	6239
7543	8290
1923	138
2894	7442
5313	9088
7107	1466
7441	3795
7069	1368
6054	9608
2441	68
83	6210
8133	8386
2195	4413
9595	4345
979	5440
1306	6710
3108	6780
416	8111
8713	2331
1431	8350
7771	2339
7908	5843
9440	8893
9378	7942
9382	3268
7335	8383
4237	238
4107	9389
1705	2890
2456	2728
4180	8370
4279	2411
6614	4155
6986	3551
5232	4882
6554	272
2206	3093
4643	7986
3590	5034
4287	6143
5514	7989
9488	2699
3651	5220
8609	1107
4960	1446
4035	4339
3172	6890
7231	6577
2604	5349
9414	7375
8845	4705
2452	1543
1154	685
3021	1617
8880	2007
5348	2016
9155	518
1881	8452
1512	4956
681	5905
7777	5344
4341	631
8666	3211
3177	4602
6683	7160
296	2537
1321	1318
3166	7191
4323	4159
8769	1035
2511	1490
403	5430
4506	233
2569	261
7317	1093
3009	7854
6620	8380
8201	1548
932	5639
3121	2046
5976	4121
2257	8883
90	8206
7266	8671
315	5932
8049	5814
4404	2999
1314	6427
7654	7893
7582	1349
8635	2965
8568	2173
728	7189
3022	9421
655	6125
2799	2793
5919	2810
8209	999
2937	5749
5281	7190
7532	8711
3749	7981
8811	3370
6901	3303
5587	8193
9583	1715
3924	6558
3029	3576
6730	4172
1630	904
2977	5062
5042	8845
8731	5751
4742	1906
4811	9406
6739	2606
261	4365
4608	712
3212	2938
874	3177
2522	1970
7711	3175
3386	4492
6327	257
4121	4851
6920	7818
7919	7616
8745	5850
5041	2429
5043	3803
9416	7290
3889	7991
4464	4095
4716	1818
1980	7738
2855	394
5493	3003
4969	1504
7723	684
4300	1701
6761	322
6071	7756
6231	6333
5460	4352
5436	6948
1251	5726
8268	3736
3663	8404
4572	443
8876	8787
2126	1487
8668	3382
6543	3198
6542	5040
9361	7198
6426	240
6004	8382
926	5612
4247	2085
6533	18
4534	1134
6098	5108
1465	1073
6989	7371
5751	1926
2247	2136
2401	8869
8021	2761
9093	6820
7347	6144
2286	5718
5846	6684
138	9419
9038	5514
3849	7517
7504	8364
2582	3407
773	6498
5475	6201
2246	4436
5882	4042
8837	9509
1655	1732
4452	2018
2677	2710
9527	7502
246	3766
6778	7210
3786	2542
7649	639
7607	3294
3721	2155
3365	9387
7449	807
7009	4238
4273	5432
6032	3474
1102	6571
8451	190
2581	7963
2445	5157
7510	4286
1289	1326
8273	157
3705	3916
9220	6480
6546	2260
7986	6488
9211	1051
7060	8465
8329	6897
174	9518
6521	2952
7643	5475
8784	8659
9351	4036
8553	2898
8254	8736
2583	3004
5062	6025
172	3865
3351	3252
6806	7531
6919	682
8753	7011
5322	4191
6418	9190
4847	8259
6573	1493
3372	2238
1286	5773
9113	6318
8716	5218
1160	3030
2620	7387
2673	4381
4725	6434
4202	917
2035	2677
4315	3312
5727	6518
833	1528
3700	8187
658	8043
1663	8102
7046	3126
9636	2806
9063	8564
7049	4686
243	6423
262	2648
7298	4620
8396	9349
9554	2791
5207	2470
2575	9573
3549	719
6422	3797
2013	6213
6835	627
3272	424
5518	5168
4286	7329
1019	2639
8072	5244
853	1658
8166	1714
1979	3215
6045	3734
2891	6303
9510	800
5115	7322
4760	849
3211	2287
514	6258
330	937
5284	657
1106	8017
5604	8089
8710	2934
5596	9331
5441	8098
1032	5593
6180	215
554	5587
6297	9422
1994	2005
5481	6852
7105	5723
5998	8309
855	2771
2108	3847
5531	76
8400	2102
5503	5663
9553	1099
4564	7206
743	8385
5917	7591
5968	6411
6391	2871
849	613
3649	5126
9341	33
2355	8343
4751	6656
6109	7923
1793	4258
4695	1259
6249	6149
9055	4457
6103	3633
585	4841
1847	534
5755	8723
204	6116
7768	4029
9380	6460
3446	9553
7657	952
5892	6664
7868	3972
6104	4640
5656	8800
7760	6177
1612	8833
5190	9251
3679	506
107	23
2854	2377
4145	8839
1998	3042
1613	2235
748	3457
2092	614
6286	2822
5923	9231
8925	7656
3357	9594
5130	9040
8946	4740
6388	7003
6324	2936
5394	2571
475	159
8333	6042
4060	3088
1902	6455
4007	6842
2082	1816
2591	1511
1117	4469
5752	780
3763	3125
3845	6402
898	4924
2793	5518
1690	4169
3208	6219
8624	4872
4210	1156
5189	1910
3478	2504
4592	1017
8112	5788
215	1465
7589	2087
6664	9071
7392	8681
6419	8170
8476	4962
278	4594
6248	4480
9468	2772
9097	6378
4718	2512
2113	5825
9126	2454
7933	953
1753	9138
6177	7265
5400	9220
4530	8974
1944	7154
5696	8804
6008	5225
1197	6847
892	8938
8239	1142
3343	7912
7647	4880
5256	4588
4824	2894
3863	3237
802	6992
4897	9446
2600	1279
2729	4162
287	3923
7210	2443
4797	2583
5249	6996
5700	9551
704	890
1765	8024
6027	7745
8640	6023
7990	7583
6883	7932
7892	3637
8088	862
8098	8229
5742	7768
1708	4699
9116	6873
9522	6170
7653	5600
6633	6703
2227	7957
8467	4903
2102	2148
7432	7683
3445	6748
7798	3899
4744	5807
5275	2296
6877	5951
1539	6348
7745	1661
3268	3475
7481	3843
2029	2616
4043	1948
9470	6118
6740	4309
491	6382
5446	9504
2880	4222
2774	1011
6342	3711
454	416
8047	3414
106	7949
4055	9202
3204	7778
7219	468
8749	8477
2507	2555
8990	5392
156	606
996	4761
2504	5652
5811	7711
2136	9348
4436	1691
6445	3789
4740	3365
9136	8224
3593	840
248	3185
2567	6159
6552	3006
9383	8019
7058	7303
5240	3645
1932	8162
1546	8362
5639	8670
4187	483
4924	7347
7146	2059
1701	7458
7062	5702
488	3806
1520	5819
8027	1094
6820	9473
4426	5018
7498	8807
9256	6806
649	3386
3082	8988
7194	3127
5150	199
367	8735
715	4981
376	8207
4697	4252
7776	644
5720	1851
4545	9219
1713	494
843	5022
3314	2500
96	6473
5197	8318
8191	8225
9301	8626
942	6485
7171	6289
7074	3325
9559	1568
5620	5789
6437	9290
9404	6749
1921	301
6406	4614
1652	7554
3240	2690
5942	4887
6707	7828
1525	6904
5141	7031
8251	6246
4251	5873
9581	6001
5546	1339
4910	4136
1869	1213
7098	6129
6514	8727
6710	3861
5357	9140
6985	7919
6853	6929
1230	4642
8604	5772
3197	1905
5534	2947
2477	6466
5538	7672
1211	7331
2643	6045
4907	189
2818	2689
3223	9301
647	2891
3789	423
604	7433
9579	428
2394	8268
8105	4878
7719	1626
5194	2546
8934	5920
8153	8576
7641	3679
4513	1222
2777	5531
700	5989
1339	531
8576	3591
114	4303
8972	3874
535	6420
8417	2309
2819	598
9207	3404
7256	1881
7324	5321
4114	7972
5680	4020
1454	2144
1631	6209
7121	4104
3209	5245
6292	5207
6282	724
8186	3266
9594	8191
6816	2096
3599	7405
7268	4748
5891	8269
3046	8729
635	8870
9011	6175
2682	5566
6779	5204
2987	8038
2540	8441
8985	1119
3816	589
642	5086
1017	9166
7489	7043
7920	8667
3145	276
3918	6462
7958	2777
7596	9277
2997	7465
4749	3614
3536	1013
2069	5352
1449	665
100	655
2886	1449
6708	7962
5907	7820
5450	5414
6389	4744
6055	6357
3492	3788
4641	6497
3477	107
2193	7703
1323	2497
8783	8865
4281	1308
1741	9027
7824	3192
5939	9055
349	8260
7331	3258
6465	7723
1648	1878
2280	5215
3233	4656
7375	8937
2979	7102
309	4294
9034	9199
5250	6394
6300	8897
7898	4829
3113	7629
5226	2342
3123	8982
264	3441
5273	454
6832	3571
2167	9510
6001	3450
5997	1342
8410	6332
3480	6119
6566	2876
5242	993
292	6569
5754	1577
3098	4988
6477	1023
8023	8871
6126	8312
4182	5386
8242	7652
5819	1562
599	8956
8218	7046
4624	5128
582	7869
8388	3092
3922	4431
4159	7144
1457	6683
5574	1153
8330	3641
8883	1750
7406	4980
4726	2553
3513	539
399	4144
443	8196
2405	4008
5572	6674
99	5460
8176	925
7668	3353
8727	3278
4616	6161
5718	3582
2587	1863
5630	4717
4888	7022
5089	509
5488	4154
496	1998
1218	4858
6682	5845
854	8612
1583	4506
3575	1454
2527	5589
2719	6428
2884	6718
668	388
756	7321
5864	1923
1806	5579
1540	4357
3535	7542
2315	4641
999	6686
5008	3197
2328	1679
6955	5747
3241	4000
9369	865
6809	6819
3917	6234
7801	1592
1066	3837
830	543
8954	3819
2879	2518
5694	7966
695	5084
9567	1408
1519	2079
6855	1007
9267	8990
7740	7123
7852	7409
8919	6004
4260	9618
6159	8324
9024	397
7033	3764
6750	7004
6166	9528
2367	8834
3245	1882
6756	2704
1400	4113
7295	6104
8505	4530
1342	6408
9168	8354
4360	4545
3901	4697
7018	491
6679	7892
2074	949
1951	8006
8046	827
471	3975
2064	5400
5320	5246
2225	8374
9288	8106
5200	8051
763	579
4042	7365
3890	9307
2339	3620
1002	2126
2041	1197
6754	9562
6208	5235
6245	6231
4857	7259
5527	5417
3059	942
5638	6049
506	7324
7782	8690
8550	8929
1224	349
1722	5132
8383	961
4110	3057
6121	8483
4343	8979
7217	8273
6868	3628
3348	2418
3404	1526
8006	5250
4467	5942
345	3121
1880	650
5341	548
2753	3536
5605	7741
1528	3032
730	3698
1181	8417
322	5623
5134	811
9533	8377
9391	163
5767	7132
9061	7955
1787	1499
9324	7920
2004	7077
2757	1541
3013	6707
7467	225
9203	6903
924	5990
7684	2025
8564	1416
3894	8503
4095	5947
1952	2612
2726	7814
361	7868
890	1811
9612	6121
805	3062
9251	2052
8762	2782
5237	9230
3025	4896
494	7614
310	7412
6999	2755
8639	7826
2162	5634
7382	1239
3977	638
1910	1761
7923	2057
2812	5918
8457	8156
3260	315
7409	687
3282	2208
4303	4510
5941	5251
7890	34
6976	1815
5971	7651
2462	8119
2742	628
8054	4574
7955	330
4239	4675
5143	7617
508	1663
4380	1657
1786	8534
2625	5077
6847	1325
6259	9093
5225	7272
5343	74
3521	7244
4761	853
6209	5326
9137	5868
2033	3101
6394	8948
5905	4564
8659	8498
7703	4010
3036	6546
7537	3422
5067	9586
9319	936
2510	5412
9186	7938
1782	4544
5055	7654
2490	2419
3532	324
4607	4810
5714	3189
8752	7350
9294	8518
4699	8434
1146	2501
2377	5667
3499	3256
3558	6882
7028	909
4527	1317
3645	7649
1834	6704
3060	5769
8459	197
9620	6636
2087	575
4029	7771
3033	7958
8310	7163
7525	8636
4735	7151
3335	6871
3207	6784
3752	907
5372	8908
1821	3850
1617	5099
7652	5656
7614	5720
8468	5371
1618	8934
7948	1231
3985	9022
3784	3479
1376	9561
1150	6308
3655	5468
5413	128
1448	2865
1748	6088
2132	5223
4084	1126
5772	8939
7323	658
6568	4337
1133	8333
1030	2265
7446	5190
1490	2036
1849	8227
4132	9028
4610	7501
4574	6484
952	1546
8528	1847
1082	2224
4205	1501
9326	9194
8463	3314
4510	2350
8728	156
2655	1054
7077	9321
1987	1690
9158	8713
4903	6680
2458	5544
2598	5097
7960	1400
4416	3205
1886	392
5148	6034
6326	7565
746	2336
6584	201
6163	2979
4046	3111
8080	4731
6871	2887
7214	4084
938	14
2663	6325
8390	3622
7000	7978
146	4031
1504	2165
9419	6980
4839	5574
8989	7621
1687	308
1493	2440
2448	7834
3495	2615
6535	8176
4314	8731
4511	5638
5947	6300
8044	6372
9473	7793
3837	1627
8748	4385
8690	4188
6525	1269
857	2020
4873	2070
3941	5522
8927	1087
6220	9416
6485	8475
8140	3360
7894	8042
7572	7363
6258	5441
9077	109
2749	6966
5792	2507
3132	536
7208	9621
2968	4828
409	5210
8941	9278
2091	3783
9331	7140
4146	1942
8051	528
3939	9540
3684	4087
7003	7485
7442	170
1731	9435
6897	8322
5573	3589
5244	5520
6904	7576
3865	6439
8269	3820
5610	2630
2275	8473
2061	1508
201	6622
1517	6786
1391	9546
44	267
5428	6858
3481	8712
2470	3267
3278	399
4031	4704
3919	6075
5641	4300
2842	1705
6513	7610
4359	3889
9549	7459
941	774
9205	4867
4489	984
3195	4552
7848	3488
9309	3538
6219	6927
6088	3627
5962	7016
4629	9356
7811	8242
1683	8045
7832	9397
7921	1634
8071	6238
9339	3660
6550	2315
2579	6712
1513	414
3170	5436
2713	6907
5697	142
5382	8548
5757	130
6351	4321
3825	5153
7068	2598
2690	2386
5873	3200
8225	5820
8885	868
2532	5197
653	8028
2122	1129
682	6566
245	8732
9471	5801
8953	7481
7085	1137
2918	1230
5028	7902
8170	498
1999	1936
8612	8329
3381	5123
7336	6165
2389	520
603	9287
3302	372
2224	958
6075	3592
8171	4728
2764	8514
7297	3943
3888	4557
7951	7570
8492	3708
6728	5242
9289	4174
1222	8174
4306	7435
7369	7472
665	2855
9225	1886
6878	2100
4019	2432
6133	8573
2432	625
3116	4847
394	8970
3001	9179
2685	8337
4595	102
4181	2508
2259	6787
1073	624
9228	9156
3788	9289
5430	3702
2194	1670
9621	1966
5321	1301
4968	2448
4763	2092
8681	7374
4762	7422
2314	3172
4172	4513
8334	3318
3861	733
9600	6446
4680	2741
8986	6047
2878	9550
3486	5112
3187	9590
6854	6361
472	7476
8523	9282
7972	951
4432	6115
6204	1748
2614	9042
3407	5064
2048	2980
1866	6312
625	694
5048	5662
4128	5456
2253	9494
5841	2058
1589	9341
1419	2232
1878	5760
2732	8876
8404	5577
5830	4424
1565	7916
2672	5419
2645	6294
4038	3351
5821	7268
6818	7146
1597	3970
3279	5847
2343	1618
620	5428
2743	3138
6866	6821
9193	4273
6363	4455
6509	4160
812	5858
4331	9488
7160	2946
272	983
2898	4032
7846	6739
4354	9542
1811	6056
1870	956
6331	5653
8360	3816
8782	4221
5580	2622
2940	3209
8657	5192
1799	4212
4876	4902
7756	7318
639	3568
2727	6454
9458	2216
7035	1872
3425	6647
9542	6079
2359	9579
5138	7155
3148	3376
6171	3603
8763	2729
7736	5007
865	997
4017	3223
5079	5694
5908	8013
9100	6945
5210	3678
3858	9267
9572	8457
8227	3808
32	5102
6574	7994
97	8133
4401	1334
2566	5916
5619	2669
4938	4390
8827	9445
6980	603
3766	2988
6455	2560
6882	3174
4514	1055
8422	370
7523	9253
6357	4512
2873	1870
2281	1243
7992	1443
4455	4929
6488	4983
3726	7269
2390	8080
1594	8536
6860	9284
4794	856
7412	6421
905	673
3198	6109
4488	7488
1829	5133
6929	1190
3130	383
5251	8825
7601	738
7610	7295
1127	6113
5820	932
1670	5103
2895	1406
6943	7441
2057	8044
7833	3549
6025	1993
1088	3401
2917	5854
2635	5368
1595	651
2853	2492
3226	6377
79	303
530	5230
1232	5543
4587	4625
4520	5446
7818	7161
2654	5673
7156	2721
8237	704
5543	8874
8429	4156
2970	1032
1206	1387
7717	5601
5087	1036
3692	2010
904	8454
8634	8400
2822	8352
8226	8535
6887	4852
8982	7572
8965	833
4563	3010
5741	1136
9561	5032
5863	3043
5804	228
949	9596
1640	1830
1028	7811
6870	2105
8382	7807
3421	7026
4304	5008
1785	6994
4818	6635
3200	2807
8291	5195
2710	7156
2493	6639
6023	3315
1238	4710
618	3651
673	6562
597	7805
2139	4043
2369	6024
3328	9181
7282	384
6379	3162
8560	4708
5123	4613
7555	2719
6686	709
5824	7121
9276	4150
5558	9570
7472	5805
3669	2878
4858	5576
1476	99
1875	9032
8110	7452
6924	556
7253	652
1569	3005
1188	9363
9014	9195
3643	1630
5047	6376
6446	846
5019	6150
9407	467
7186	7173
2010	2577
7513	7336
6665	1168
8036	1196
8613	2381
8736	843
4826	5005
9332	1794
819	8763
9625	3246
6891	6033
6742	4295
1658	6229
1734	2762
6136	7036
7440	2841
5598	7489
2075	1516
2728	5343
7877	7561
5909	3969
1802	7524
528	9377
552	6284
7980	4225
5328	4367
2992	5341
7702	117
9084	1297
5562	1551
2417	4679
1838	9118
3094	6778
7939	4240
3199	6999
1190	7278
1723	7967
8253	1281
4880	2900
6266	9097
3151	5575
1142	8941
4838	4126
8957	7719
4705	5140
1985	1849
7655	2461
6984	8773
3292	6525
5108	61
1725	9240
6239	2477
3628	8623
5139	4217
9180	8827
7427	2747
7538	3742
5650	4583
4453	8087
3900	243
5401	7292
4010	4448
5566	5267
8911	4794
2947	2869
2589	6220
8002	1457
2952	4425
9568	1838
7157	667
3103	5261
2887	8907
8040	7864
6890	4694
9129	7494
5959	7306
3572	6615
236	5671
8970	7673
469	2168
1291	6191
1126	2256
7693	3519
1318	8980
8165	9221
7206	530
3345	4986
3384	6180
7329	4941
4439	1332
8591	1731
2784	6957
510	4331
3775	5976
1486	8101
3205	313
5928	7432
3647	4709
3347	7115
1771	1473
6873	4407
242	5528
5682	8854
8746	1251
7159	1502
8276	2682
3186	9477
392	9625
3334	9059
4746	3859
426	5595
5593	477
8412	7246
2208	2977
8849	3710
5456	9631
1308	332
7588	773
3653	1148
815	6520
5478	4050
6348	5817
749	8532
6460	4045
1389	6777
6767	3910
3002	4796
5209	7540
169	5844
1048	38
406	7567
5096	5003
5883	7241
3215	226
1516	9311
1185	6190
5761	4193
6461	5828
8939	7798
7350	7825
511	3355
9320	966
5125	1829
334	6640
3185	4210
927	1533
4283	8071
7091	3366
7634	9270
739	5472
8290	7323
6736	9554
1931	5841
8081	8579
5496	343
1259	4527
7978	2390
2512	1114
870	3940
911	9624
8816	8858
2765	2942
4048	7172
7492	3884
1656	7668
8007	6891
4367	1224
7878	8298
869	2945
758	1595
5468	8088
1473	6936
5845	3805
1934	4491
5127	5955
7672	5191
4557	1030
1774	6297
5220	9490
8677	2154
1208	5150
4274	3001
9573	7091
5159	8487
4604	9264
4871	8066
3592	2784
7871	3647
6250	2801
3010	1020
2465	8396
2530	6403
348	9355
2150	5535
9156	9522
3606	578
5723	6685
4238	3094
9445	3831
8359	8462
7937	8837
214	6230
3831	8192
9068	5568
149	1753
7043	8843
5347	8146
8952	3885
7983	921
8101	4718
3577	6124
2616	5864
5747	4270
2676	7087
9616	4077
4409	6881
9152	3374
6161	9614
9222	3950
1023	4762
8859	5479
7203	8624
108	3291
7348	5930
3642	4711
7288	5721
1007	4578
8674	7024
5844	5234
6991	3945
2204	8253
5739	5774
3028	4967
4996	7070
6068	7717
1790	8887
5184	1833
9015	2817
7124	1223
4802	8750
8531	5654
6289	2008
5438	1979
5798	7643
4828	9066
173	971
5361	2895
7814	8025
8546	7378
7435	9100
7864	2441
543	3618
3686	7595
9544	8194
232	2574
3289	3896
1182	1716
5683	7518
3175	3240
2900	1031
127	1933
497	3469
4393	3815
4139	7482
3527	7961
9551	3791
3250	6554
3674	2540
6530	409
2234	3705
2134	2550
1148	2646
7763	1971
5550	941
6412	8674
2450	4849
3873	6352
71	9113
6636	7946
1522	4943
2046	6836
8183	7417
8355	8367
1794	3104
3711	7773
8494	5464
5756	1812
7667	3503
7583	8114
4369	7105
5484	8704
7016	1666
8087	6667
1063	3444
8903	6590
5274	7927
2942	2794
3451	3051
4825	6252
8111	659
4905	6816
6814	859
4953	1619
2782	7053
8714	5274
4723	4735
8469	291
7961	5228
2599	2935
9101	6989
8126	4186
5246	5493
9389	9303
3623	2722
8135	9501
2415	4474
8902	1706
4606	9186
4490	8944
6143	830
801	7783
3450	2064
3667	1163
2263	7641
8750	5293
7594	4484
3702	3123
9248	269
3641	6227
7927	4742
750	6568
5769	1002
6777	3544
3503	9185
3283	1996
7843	9354
6450	645
7399	7852
9420	5413
1236	9122
5651	6736
87	9079
6825	6112
1686	8986
6031	835
2861	2892
6404	309
6782	6030
9300	9628
1905	1080
3396	6641
5623	2387
1584	4315
4508	3159
867	5599
4319	6824
4560	3804
1506	6141
8611	6509
9490	6662
9235	7346
1274	7519
5722	5482
4310	4092
2908	6782
3582	869
4311	258
2846	5816
9450	3762
6125	8023
7876	7710
7293	8702
8835	6813
3294	2065
9596	4939
3690	3594
5302	5811
5006	4287
4679	2530
1568	2351
8928	4463
7748	2203
2409	5939
2535	1463
2336	3398
623	3655
7387	2204
7599	3674
9394	1969
2081	7690
8028	6482
3734	6422
8100	6008
8534	7895
6759	4720
9446	4251
4603	6803
4127	8186
5247	3988
3110	111
6287	2929
2805	4481
8066	7734
6880	1498
4381	2071
9241	1476
2722	9567
371	2452
982	739
7304	4400
7089	8181
5070	7000
5704	5629
1933	2750
7562	2712
8775	6997
2571	3299
9444	36
9582	9182
4994	6761
7942	9552
7807	3667
3860	9560
4555	7853
4710	5111
1761	1330
4329	6721
5344	7298
1571	6255
6489	2123
6167	9120
28	6708
4731	6419
8721	3182
1455	3243
8295	2014
5847	3260
6301	1559
3466	2764
3972	9615
1260	7590
6917	2343
5464	3957
7004	5754
5117	750
7975	7282
3125	4310
6861	4702
6157	6551
1858	9210
5667	3002
186	7455
6751	3328
4196	9143
5990	691
8701	8310
5485	7260
7541	5824
6590	8955
5528	1540
7913	3063
6150	1772
6662	2788
3568	3146
3803	4343
6229	9153
2232	2567
6680	718
9340	2527
1239	5882
4186	3013
5529	1066
4413	367
2327	1345
3589	426
5272	4746
5201	2503
5257	4759
5513	7530
6836	6642
6024	4600
6607	7231
4188	4341
2771	5981
4612	4278
4620	4647
5653	7855
7259	6250
6746	2263
5297	6943
2687	700
8798	5375
4887	2581
47	2465
937	1865
8777	8903
4841	5946
1909	8753
6997	2416
3304	3716
140	9244
5285	3458
7966	2843
2817	2090
7508	4293
153	7513
5671	9539
7319	1001
9008	302
4943	7777
121	6963
4691	4860
2439	1398
7376	4925
531	2084
5051	5185
1639	2286
2648	8020
1139	3697
2309	6908
810	8714
2062	2819
8426	1182
4299	3514
1986	4890
3990	3466
1301	342
9282	4505
6175	2724
4000	1650
5383	6737
8850	7589
4602	5391
961	7230
2806	3295
4666	336
2577	8557
9477	3937
1629	8426
1958	8511
414	4479
1225	1044
7416	7493
199	4453
7182	8461
3605	7288
6617	5564
1015	717
3476	7348
4207	7304
3251	681
8052	3500
2031	5903
8743	434
6162	7585
4317	6463
684	7159
9618	8338
5687	4116
7261	7211
9492	2695
1192	5313
2387	1884
3378	487
1219	6397
1396	3844
6467	9610
7322	4898
4016	2599
5029	3584
6926	2713
1093	3866
5480	3749
5035	1082
4867	3669
6672	7933
3571	6292
6372	3508
5088	5596
4383	7757
2023	1635
8980	8581
6846	2969
2325	108
3422	8940
9593	1427
7290	1261
5431	3129
7197	8880
9487	4027
2934	7009
9597	1841
5828	7634
5215	3476
2189	2480
2084	8698
4309	2532
8252	7396
6641	7404
9275	1376
9586	6441
7854	878
9283	4604
2413	5625
142	9637
1068	8154
384	9481
1884	4799
2595	5275
2788	7080
4160	3509
7097	2587
3104	1782
1261	5079
5064	9069
6353	4879
9022	3810
4547	7192
4770	7051
8654	4825
1492	2672
1332	1939
2658	4857
3887	4629
4410	3599
9354	1754
7070	5964
5575	4013
8514	3699
6237	8641
450	7068
3950	2884
5867	8677
1760	7399
3317	747
6744	7277
7011	7104
2971	8209
3430	6682
8156	749
3188	4018
9623	6580
5103	564
6430	2438
2980	4486
7190	4038
7701	1987
7629	7514
3452	2270
4759	9407
5916	8152
2724	3282
8569	5669
5454	8593
7458	463
2824	8215
1042	855
2217	4864
5692	1720
6714	2161
718	2987
1750	9169
5807	3849
1527	8771
9349	2122
1692	3924
5276	1372
5217	7436
8325	2000
299	9544
9516	1195
9226	70
6466	3078
7977	6266
4049	5741
2446	3025
5174	5038
9210	5894
9087	9338
4357	1172
3743	3515
5261	4219
8012	1607
909	5117
2071	2139
6691	4803
1149	772
237	4229
9514	6436
7999	2395
9590	714
4642	5176
2528	9237
8958	30
4531	8055
3544	8494
2574	4046
5986	7990
434	5792
1578	6122
1574	4182
102	5289
2585	1234
7517	6171
3644	2199
6392	7447
302	795
691	8586
7451	242
8625	5497
5854	2421
3713	5606
3631	5736
9219	1796
6622	2566
5577	8040
4092	2373
6718	4274
9393	3343
7820	1176
3710	7992
8462	4942
3301	8540
2260	7824
8447	4716
8757	4366
852	4688
4878	3259
7550	1088
7522	3342
8073	5452
2935	3082
6307	5448
5448	8510
7485	5582
9266	546
203	7611
9182	7701
6944	7551
7570	8625
6050	8234
8852	9299
2647	5048
6975	5687
4784	1312
1372	848
34	5189
332	6679
7374	1652
7695	1571
8059	60
1879	3102
5972	6100
3699	8716
7275	5480
2621	4772
7349	5742
2946	4802
4708	5641
2267	4145
269	2614
738	3765
5802	4572
4104	6910
6903	4296
8548	274
1446	461
2953	1324
1664	2483
3944	7169
3988	374
6376	6387
3795	7699
581	2240
3516	5303
1657	6765
6749	3998
3355	9174
5196	6976
9021	5558
6918	9133
6174	8468
9523	6898
6945	6426
4061	7601
8477	246
5589	3495
164	3929
9133	1758
2135	5272
8532	9250
2282	1319
8266	2591
7051	8818
1936	6036
4491	2853
719	6018
7455	3304
5726	8039
933	9470
3140	4308
3336	3151
9605	4415
5509	1519
4941	2109
7360	3895
8413	5240
6042	2974
9480	1517
6819	8680
906	1210
7954	8388
7963	4866
4113	8621
3791	1897
7356	4166
1129	7769
9346	5277
2555	686
4881	5949
8119	4369
8871	3357
2580	6961
616	2485
8339	1802
7521	759
3545	9203
8649	2439
1087	8137
3913	8866
2155	1141
2379	4611
130	3510
4294	4520
8866	173
6577	6742
5386	2078
7616	3110
3660	2773
6385	1713
8704	3756
6843	7888
8557	4752
3414	1858
6181	6758
4879	7236
4392	2029
5026	4471
2154	3273
1243	2727
9240	2369
9550	3657
1310	3887
8181	4060
8960	5416
1279	924
807	8718
118	1944
6578	7315
8790	1430
7503	6573
4102	4378
624	6035
8723	1853
6276	877
5040	4122
5385	5359
7422	8171
8089	9324
157	6228
439	3264
6344	1940
68	8198
2592	7090
5270	6467
2750	1077
3805	735
7686	8459
7087	2291
5918	1765
2899	2539
6852	9081
8461	1289
9230	4362
6684	6912
3382	3717
1051	8521
936	1029
1672	6521
1089	3442
189	6826
6732	8486
9120	3153
6356	9595
3497	5591
6963	5302
6704	4055
2052	7782
8979	3139
7031	2413
1140	5076
7254	7523
5831	2162
3712	3170
3879	2384
6436	6666
5612	7650
6881	3726
2173	9003
4337	7147
1000	8656
5886	378
8498	8429
6830	7977
8764	507
9635	1000
6230	2846
233	5555
8192	2680
4702	3199
5192	7325
1816	6430
4798	5337
1566	7728
4619	8422
5065	314
8527	6437
9494	9222
8434	4078
5356	8803
4194	400
2686	570
9481	5619
8975	2175
2430	4489
4694	4662
1201	6392
986	2385
8285	6324
5191	1589
2016	4885
4166	1321
6439	4547
5654	581
1387	4809
879	4652
6666	5934
1966	2834
6135	2374
5894	7687
7244	5155
6655	5459
2203	8568
8588	4146
6417	6814
7117	8412
8586	2405
3783	2450
8808	4462
2109	9597
1368	4
1069	9394
3904	1211
9631	2282
8637	9346
5144	2818
2005	3331
4390	1825
3100	2511
569	1295
2024	2673
7371	6870
9367	7157
3067	8492
8626	3586
2100	6204
6294	6738
3970	4616
7090	8906
1288	3136
2419	9225
8206	4247
3802	6326
5032	7871
8702	3424
18	6678
6876	5139
9270	2879
4155	5495
5706	7877
3399	3320
3618	1192
9306	4511
6374	2195
5279	3959
356	3941
9122	6103
7531	9021
7530	8413
7518	6098
6411	3690
5211	2182
9172	3336
3847	5997
6715	8313
2025	393
6482	3873
6640	7214
2612	2112
7730	9620
9399	2658
3259	2259
9504	7254
5289	4237
225	304
5267	418
7565	4342
8452	4140
5579	2862
8510	2531
3371	3098
6826	5861
1035	1277
4156	7364
7151	4380
1195	6126
3883	1215
2811	8360
1511	2997
238	406
2858	497
2177	930
5661	1219
346	2905
7828	5208
8037	5962
1926	3658
5684	6579
452	5696
8441	2968
8655	4938
3491	6574
5147	5744
6115	1146
2772	8905
7177	9155
1100	805
8614	9530
1693	884
1325	3516
1382	441
4423	3832
9190	3922
3878	5503
5865	1900
1535	4410
1231	50
9185	3581
19	7776
4222	8722
5214	8239
4815	8419
930	9417
1287	3077
3093	7829
7888	6854
2118	6767
5775	1523
2779	431
6912	802
7991	4148
3475	3802
9423	2861
7167	5506
8653	5750
1080	3990
5419	1704
8120	9247
6933	3241
5974	605
7786	2899
468	2409
6834	6338
9109	9197
7839	7413
7542	2394
5228	6616
2276	7253
727	1069
4709	7725
2760	5771
4191	8946
2397	852
6907	1710
4451	1471
882	6950
4505	2535
3398	8553
8771	1287
7826	5513
8222	8281
7036	193
1781	2774
2438	1206
2791	3416
7396	4117
8999	6709
5778	5936
1949	8973
4278	5320
9032	926
4400	3154
5710	6071
9358	8491
7674	7203
3844	4798
5788	1790
4295	6607
7053	5739
6712	9402
3189	9332
23	9358
2807	7381
1499	2
6647	3033
6453	3996
8691	3354
920	8790
7644	2346
5825	3384
8696	9468
5789	6865
9277	1311
8683	1435
4385	540
5497	8479
4482	4442
6936	6918
6431	4680
324	9593
7773	3187
3139	6445
2007	7727
2148	8993
5473	5181
5414	9015
3808	5336
5181	7648
6435	1396
303	8541
1128	5529
1744	656
5532	6450
9253	2976
6149	9298
7631	8972
9461	1958
1537	9045
1038	9161
8128	9572
811	4311
6927	2458
8353	1169
5292	2041
5253	2067
8267	7177
2199	8220
3538	4839
7265	5689
1671	2302
4463	7261
2182	4713
9079	887
1548	3521
9040	668
6134	920
7741	8788
6567	647
6105	7392
1001	5031
9143	9581
263	7312
6122	9635
6953	7218
3698	7890
1094	1986
1917	4969
5179	7510
7168	4560
4773	403
2607	8701
4391	6540
6858	9205
190	9457
4449	9480
7169	2035
1970	1187
2910	8476
35	8724
3996	5380
9327	5550
8380	8507
5145	4873
3945	2006
2256	7142
1209	3364
5601	6877
369	5516
1010	3212
7611	7406
5878	4960
3810	4519
3376	6911
7034	1245
6345	7456
3270	861
8137	8528
3677	1183
7132	3750
9528	2389
1295	3021
1555	7504
2773	3892
1592	6417
8667	5016
7418	7832
6821	3779
4492	5148
7415	8279
7321	1885
3508	661
2350	3643
861	5383
8152	3116
9432	8852
6332	3612
8193	5481
7710	6975
641	4838
2721	5253
6214	405
7591	7499
8215	1903
3063	2926
3531	22
8792	3242
2374	5307
1481	1537
7226	5992
8756	4417
1013	8120
687	4488
6255	2880
5731	8703
8973	4467
8897	2570
5837	1912
9091	5604
6119	2082
7241	8784
4793	3478
3694	7027
5955	186
3444	1314
2593	1632
6210	3446
7593	8617
4	9323
7632	1692
3882	9316
4308	8653
8116	1880
3084	1067
4548	4886
8056	2592
4993	4996
6685	4004
7139	3292
5535	6379
4939	6212
2531	7638
7218	1283
4014	1481
732	8054
3542	2246
3943	6617
9476	4558
2546	2456
5298	5548
20	2069
6368	5998
3271	7204
5030	7449
966	1952
3736	1468
4999	8291
4082	472
2999	5757
4105	1149
8446	100
1223	1774
6308	7062
3661	8414
6553	8047
6212	5026
1856	4534
7258	3613
907	5135
4144	8446
908	6461
5208	4624
1996	2359
2945	5166
7957	3410
2871	9164
5234	5924
3092	3793
7163	7644
2869	2595
1468	1736
9610	1726
6179	6133
3051	9309
5003	8353
5490	9288
9342	3532
2230	7220
8368	5682
3078	586
4140	6631
8502	8655
163	5087
4833	5534
7725	352
1758	7266
1269	8166
4567	25
77	6327
9457	415
1044	2760
2949	5791
5721	7532
7342	8247
1833	5821
2630	4014
9388	3335
9194	2356
6002	1721
3815	3931
323	2645
4479	5784
7123	9211
6974	8849
6124	5740
928	1763
3822	5867
3360	8925
3843	8539
509	1961
7742	2054
8909	3289
6325	7478
7778	7165
656	6282
1710	4017
38	7760
6668	7168
2615	551
432	1950
7830	4784
8026	9351
5482	4733
6780	3117
8324	9261
2277	9414
5814	1784
388	3348
1867	8244
4041	8297
5477	5454
7605	519
7502	6067
187	1388
8870	3727
8617	7761
917	5172
4886	3044
6957	4432
1626	2089
5166	4319
50	5830
556	965
6799	3399
4425	1538
4688	5477
4471	3012
7325	8673
8517	3545
4208	542
7363	1594
4501	9623
7318	9104
308	2731
7507	5483
5293	8060
7635	4439
7100	3684
487	7979
3935	9087
5099	7389
2131	9411
8630	2108
8760	4048
7224	9198
4195	8095
4900	2908
3715	3828
8840	4514
8724	3882
2078	4736
774	3663
6786	1570
7902	8780
5548	6744
4431	1057
3578	356
7699	1744
7608	9616
8858	4482
4942	6400
9197	7848
2826	5538
3182	4881
8559	2367
3594	7525
6517	4063
8712	3054
4422	8958
16	1323
2183	3634
8780	7139
7303	6271
1852	4426
304	8768
2416	
2834	
8234	
1621	
9064	
1596	
652	
9166	
650	
6402	
2002	
8018	
1619	
5988	
3154	
8536	
463	
6067	
8270	
669	
3607	
1463	
1906	
7690	
4634	
7022	
4004	
4164	
1277	
8313	
2421	
3322	
4028	
5669	
8362	
6312	
4803	
6234	
1634	
7944	
900	
447	
848	
9608	
7926	
9221	
3612	
4671	
4086	
3129	
8488	
2059	
4896	
2961	
5773	
702	
4083	
319	
2238	
6238	
3243	
2296	
5230	
268	
6056	
2969	
3551	
6498	
1508	
2373	
2755	
4352	
6838	
4552	
9208	
8198	
3727	
8963	
2040	
3744	
1067	
3375	
1707	
8779	
4059	
846	
7869	
2680	
5785	
1533	
3256	
6865	
8013	
5149	
5277	
6151	
5392	
8881	
3614	
9202	
6661	
1330	
4481	
8074	
1752	
3005	
7645	
1199	
9250	
7373	
2550	
9499	
7155	
694	
6473	
901	
7612	
5665	
70	
5195	
5260	
6616	
8055	
1577	
5376	
4998	
5920	
5172	
3877	
4579	
3062	
8443	
7273	
7981	
8545	
6463	
8539	
2370	
5362	
3066	
3584	
7337	
6748	
7922	
5262	
8908	
7551	
7851	
3811	
3232	
8596	
6408	
4221	
8718	
3146	
9059	
7306	
4986	
667	
2469	
7912	
5391	
6044	
1559	
3678	
9377	
884	
9028	
7381	
2440	
780	
3709	
7112	
5291	
7414	
8931	
2096	
7617	
2043	
9452	
4812	
7165	
7459	
7395	
7490	
5736	
9287	
9406	
4174	
2184	
1763	
1135	
592	
6520	
1316	
428	
8280	
8318	
8995	
281	
3366	
8210	
17	
4486	
5412	
4925	
5673	
8929	
4154	
4652	
2196	
3866	
9007	
48	
3819	
3469	
8943	
877	
2641	
9578	
4373	
2095	
8556	
8114	
1034	
8561	
7906	
3008	
5483	
4947	
6804	
570	
671	
6047	
6942	
3997	
9153	
184	
1351	
7191	
3806	
5045	
427	
8628	
6094	
5176	
398	
4362	
2054	
4813	
8694	
8698	
3024	
4079	
714	
8834	
2116	
24	
1433	
2862	
1853	
3299	
8025	
862	
7825	
219	
2705	
1176	
1388	
3219	
4116	
5327	
4021	
686	
9112	
2965	
4103	
520	
3708	
7443	
228	
3864	
2525	
109	
1570	
6959	
566	
4445	
3899	
6432	
8974	
5934	
9264	
7173	
3342	
3519	
7195	
6678	
545	
4465	
1942	
1825	
1666	
3931	
5486	
534	
9323	
6421	
7452	
8050	
1501	
1721	
2794	
6322	
9104	
5022	
7683	
343	
1716	
3994	
5405	
3190	
1605	
8229	
4945	
4736	
8017	
461	
3417	
915	
9525	
6994	
7027	
3052	
4728	
1801	
2537	
4810	
477	
6977	
9518	
4126	
1815	
1661	
1844	
6738	
7246	
5163	
8735	
6213	
659	
3183	
8038	
1772	
7378	
910	
6235	
1830	
9628	
875	
5771	
8358	
3266	
8327	
8479	
4872	
4321	
4415	
5245	
9164	
3874	
3984	
7024	
8196	
3448	
7735	
7962	
1118	
7189	
8491	
6884	
6789	
627	
6089	
5774	
151	
4008	
6571	
5663	
1948	
8172	
7302	
7651	
4512	
1107	
5009	
9417	
368	
699	
1011	
5307	
1863	
2936	
331	
2929	
3581	
7351	
1168	
5495	
9539	
2429	
3353	
6719	
8117	
9637	
3153	
8287	
6233	
6129	
2358	
355	
5520	
2443	
3434	
6321	
614	
6454	
8619	
7012	
7277	
1937	
6205	
6451	
4524	
7144	
8243	
5218	
5440	
6434	
2346	
2494	
1227	
2885	
1523	
3080	
8257	
6193	
1312	
5595	
710	
1947	
2501	
3012	
111	
63	
5578	
2240	
4378	
2460	
5359	
5031	
2767	
6033	
2384	
5205	
4772	
9003	
8277	
8807	
5140	
2463	
3627	
2032	
3975	
9179	
8800	
4448	
8722	
8703	
7309	
1903	
207	
2789	
1393	
7577	
6127	
6790	
5333	
5204	
5409	
4212	
7554	
4165	
7471	
5681	
8608	
466	
7595	
9418	
4077	
7140	
2938	
4864	
4646	
3383	
5516	
2403	
991	
257	
2321	
645	
2926	
2175	
2340	
9491	
9562	
1121	
821	
4167	
8244	
8998	
6562	
4613	
6594	
2689	
8174	
4136	
5946	
5861	
8107	
7850	
3057	
3412	
7590	
8220	
5602	
5102	
8788	
7783	
2129	
7380	
6875	
2265	
6386	
2651	
5086	
549	
2496	
6303	
2000	
415	
438	
4914	
3227	
4469	
2331	
8669	
3533	
8475	
7299	
5805	
6948	
7540	
3828	
4013	
8507	
7901	
2857	
8374	
8787	
5185	
7424	
5983	
147	
2235	
7072	
7989	
4628	
1272	
5331	
7499	
3797	
6827	
8338	
125	
8484	
4027	
7708	
1706	
2216	
6373	
3249	
7677	
2302	
4684	
7817	
2471	
856	
8238	
3562	
5337	
1070	
8154	
1812	
9181	
644	
725	
320	
878	
6377	
7413	
8472	
8454	
4062	
9360	
5635	
795	
651	
1410	
7346	
3576	
5168	
858	
6864	
1851	
6035	
965	
1294	
2018	
4866	
8615	
8511	
8405	
956	
1213	
9081	
1114	
8019	
8803	
9174	
586	
4852	
8592	
4484	
5933	
9261	
3127	
8518	
6480	
4339	
4754	
7465	
5132	
1976	
7127	
5921	
3765	
3850	
3717	
7250	
5740	
1526	
3242	
4119	
5622	
6996	
3331	
6956	
1551	
9560	
4087	
5981	
8843	
5050	
7456	
3040	
1196	
8394	
2867	
3780	
397	
7974	
1018	
1064	
393	
5038	
3895	
8092	
1691	
7198	
713	
7404	
5787	
2670	
8346	
6667	
3136	
3896	
8503	
3016	
2735	
6113	
1164	
631	
5797	
3111	
8818	
968	
1754	
5903	
7115	
3515	
7154	
4148	
1416	
8661	
7225	
4983	
8521	
2972	
3162	
7896	
6154	
1971	
1210	
128	
4541	
8419	
2008	
3923	
4845	
9397	
1908	
253	
14	
4791	
3354	
3006	
4648	
7286	
8765	
3470	
1650	
2356	
1635	
3044	
8581	
8414	
5929	
5879	
6764	
2905	
9433	
6352	
7436	
6333	
6784	
2485	
5643	
2570	
9555	
5645	
1187	
5227	
3264	
5842	
7063	
1678	
8309	
5791	
1538	
3315	
3312	
8312	
1235	
9163	
1101	
3613	
3706	
2065	
4898	
1183	
1736	
745	
9321	
5018	
8646	
8350	
1186	
5165	
3267	
252	
221	
9278	
4851	
5002	
5505	
234	
5223	
7482	
3273	
291	
4256	
1115	
6981	
7488	
6338	
5816	
5526	
6922	
4177	
7897	
3885	
76	
6940	
2107	
3832	
1311	
9316	
3520	
5417	
9069	
7764	
5930	
5112	
1487	
9065	
5336	
2652	
9233	
5943	
6251	
6603	
579	
6842	
152	
5936	
9475	
1939	
8865	
958	
9305	
7361	
975	
629	
685	
6101	
132	
9615	
8593	
2	
6966	
8024	
2976	
6737	
4675	
8302	
5233	
5652	
9307	
2159	
8623	
9501	
876	
4442	
6378	
1837	
8767	
8847	
840	
9017	
1105	
3303	
3859	
4633	
5235	
3932	
8684	
8889	
4816	
80	
1940	
8247	
7853	
7893	
117	
4832	
6992	
4342	
8616	
6961	
1367	
989	
5810	
370	
2707	
998	
7673	
9045	
9502	
2049	
3750	
1215	
1317	
5479	
3959	
